2 0
1.166666667 0.8660254038
1.5 0.8660254038
2.5 0.8660254038
0 1.154700538
1 1.154700538
2 1.732050808
0.5 2.020725942
1.5 2.020725942
2.166666667 2.020725942
2.5 2.020725942
3.5 2.020725942
1.666666667 2.309401077
3.666666667 2.309401077
1.5 2.598076211
2.166666667 2.598076211
2.5 2.598076211
3.5 2.598076211
2 2.886751346
1 3.464101615
2.666666667 3.464101615
3 3.464101615
4 3.464101615
1.166666667 3.75277675
1.5 3.75277675
2.5 3.75277675
3.5 4.330127019
2 4.618802154
3 4.618802154
3.666666667 4.618802154
4 4.618802154
5 4.618802154
3.166666667 4.907477288
5.166666667 4.907477288
3 5.196152423
3.666666667 5.196152423
4 5.196152423
5 5.196152423
3.5 5.484827557
2.5 6.062177826
2.666666667 6.350852961
3 6.350852961
