0.6666666667 0
1 0
2 0
0.5 0.2886751346
1.5 0.8660254038
0 1.154700538
1 1.154700538
1.666666667 1.154700538
2 1.154700538
3 1.154700538
1.166666667 1.443375673
3.166666667 1.443375673
1 1.732050808
1.666666667 1.732050808
2 1.732050808
3 1.732050808
1.5 2.020725942
0.5 2.598076211
2.5 2.598076211
0.6666666667 2.886751346
1 2.886751346
2 2.886751346
2.666666667 2.886751346
3 2.886751346
4 2.886751346
2.166666667 3.175426481
4.166666667 3.175426481
2 3.464101615
2.666666667 3.464101615
3 3.464101615
4 3.464101615
2.5 3.75277675
1.5 4.330127019
1.666666667 4.618802154
2 4.618802154
